3220119104
3220119113
320032151167
3200319068
3200319141
3200219004
3200219016
3200219025
3200219037
3200219049
3200219078
3200219081
3200219088
3200219099
3200219117
3200219125
3200219147
3200219148
3200219163
3200219168
3200219171
3200219187
3200219195
3200219193
3200219215
3200219216
3200219240
3200219263
3200219265
3200219269
3200218022
3190119003
3180219035
3180217072
3180217118
3180217152
3180119033
317044161130
3170418026
3170418167
3170418050
3170418065
3170418086
3170219019
3170219021
3170219101
3170219106